”дельное сопротивление изол€ции трубы;
    681.81818182; 4000.000000000000000000; 6000.000000000000000000
   2045.45454545; 4000.000000000000000000; 6000.000000000000000000
   3409.09090909; 4000.000000000000000000; 6000.000000000000000000
   4772.72727273; 4000.000000000000000000; 6000.000000000000000000
   6136.36363636; 4000.000000000000000000; 6000.000000000000000000
   7500.00000000; 4000.000000000000000000; 6000.000000000000000000
   8863.63636364; 4000.000000000000000000; 6000.000000000000000000
  10227.27272727;  800.000000000000000000; 1200.000000000000000000
  11590.90909091; 4000.000000000000000000; 6000.000000000000000000
  12954.54545455; 4000.000000000000000000; 6000.000000000000000000
  14318.18181818; 4000.000000000000000000; 6000.000000000000000000

