ѕлотность тока на границе грунт-труба, мј/м2;
    681.81818182;    0.057766510411188542;    0.118375060263378070
   2045.45454545;    0.058372195271184694;    0.119991353965153790
   3409.09090909;    0.059897087501292530;    0.122777743121765370
   4772.72727273;    0.062387839512482418;    0.126988625949022490
   6136.36363636;    0.066117404970982327;    0.133659228411458220
   7500.00000000;    0.076328872179364918;    0.163929623047986170
   8863.63636364;    0.063196094426079694;    0.129865641810914920
  10227.27272727;    0.277374853031873430;    0.495320911188955770
  11590.90909091;    0.054395361871215610;    0.115763837940992850
  12954.54545455;    0.053130488693895479;    0.113483040975554210
  14318.18181818;    0.052609813580041548;    0.111977867700004040

