Защитный потенциал Utg_i-Utm_i;
    681.81818182;    0.331193372738227080;    0.505556851731506110
   2045.45454545;    0.336019343359749980;    0.510642970963823160
   3409.09090909;    0.345818902289954490;    0.521092608694232570
   4772.72727273;    0.361010030633495520;    0.537815178379244750
   6136.36363636;    0.383240223844239560;    0.565154714799057770
   7500.00000000;    0.442985844544856680;    0.692325859594344670
   8863.63636364;    0.367116208032813970;    0.547944628777689240
  10227.27272727;    0.279826398864299220;    0.473566406410292570
  11590.90909091;    0.315344118110275520;    0.489433493173243530
  12954.54545455;    0.307008144433993100;    0.481317838961645150
  14318.18181818;    0.302740811854334990;    0.476924781943192160

